1 6201
2 5070
3 5078
4 5118
5 5112
6 5106
7 5518
8 5509
9 1877
10 1879
11 1890
12 1496
13 1495
14 1505
15 1466
16 1459
17 2585
18 6655
19 6653
20 6638
21 6625
22 6621
23 2963
24 2972
25 2975
26 2984
27 2999
28 6568
29 6553
30 2066
31 2051
32 5320
33 5336
34 5280
35 1738
36 1701
37 3887
38 3878
39 3910
40 3936
41 3772
42 3836
43 3365
44 3501
45 3500
46 306
47 256
48 210
49 5401
50 5481
51 5380
52 5377
53 1757
54 1859
55 1781
56 2109
57 7319
58 5743
59 5741
60 5597
61 5447
62 5310
63 1865
64 1689
65 1965
66 2091
67 5709
68 5702